,Green,Yellow,Combined_Score
khmer,879,2861,3740
omaha,718,2576,3294
cyril,1072,2992,4064
drill,1198,2158,3356
greek,1224,1947,3171
basel,1447,3541,4988
enemy,985,2273,3258
sheer,1419,2472,3891
feast,1411,3385,4796
quark,1037,2346,3383
anise,1416,3996,5412
dirty,1367,2533,3900
check,1019,1827,2846
solon,1509,2018,3527
decor,987,3551,4538
sadie,1877,3208,5085
buddy,1176,886,2062
aroma,1108,2735,3843
array,1543,1497,3040
amaze,1254,2068,3322
kyoto,717,1950,2667
entry,1048,3700,4748
eider,1046,2840,3886
flung,889,2051,2940
stilt,1349,2189,3538
corny,1641,2377,4018
flirt,1249,2723,3972
fjord,788,2008,2796
bully,1366,1106,2472
umbra,568,3330,3898
troop,1073,2235,3308
swarm,1179,2824,4003
kudzu,456,978,1434
tanya,1087,2558,3645
chase,1622,3207,4829
petit,1282,2346,3628
jenny,1317,1559,2876
allah,1126,1682,2808
atlas,932,3093,4025
neigh,1027,3028,4055
alder,1140,4129,5269
dicta,899,3360,4259
child,1077,2345,3422
wilma,847,3012,3859
yaqui,666,2847,3513
kneel,972,2448,3420
augur,870,2581,3451
bogey,1588,2148,3736
henri,966,3767,4733
libya,696,3474,4170
score,1593,3335,4928
tooth,1259,1064,2323
there,1400,2476,3876
mugho,693,2199,2892
tommy,1209,1613,2822
anglo,715,3719,4434
laban,1238,2261,3499
grill,1193,2068,3261
dulse,1403,2880,4283
await,1208,2176,3384
sappy,1523,1760,3283
proxy,1273,1818,3091
dhabi,810,2891,3701
dobbs,831,1871,2702
keats,1173,3667,4840
cling,1129,2491,3620
monte,1569,2913,4482
estes,834,2329,3163
matte,1610,2509,4119
spain,1422,3000,4422
burma,1075,2823,3898
marin,1472,3147,4619
poise,1699,2886,4585
tract,1402,2535,3937
blunt,1255,2312,3567
leash,1285,3825,5110
birch,1200,2307,3507
italy,1180,3453,4633
lucky,1008,1966,2974
assam,694,2014,2708
phase,1551,3099,4650
pilot,1167,2873,4040
paper,1315,3008,4323
fugue,1198,1459,2657
honky,1251,1888,3139
creed,1332,2264,3596
scull,1094,1892,2986
egypt,530,3163,3693
could,1180,2358,3538
skirt,1299,2697,3996
cheat,1242,3572,4814
cleft,1114,2925,4039
scala,1265,2514,3779
alpha,775,2469,3244
howdy,1093,1660,2753
deuce,1507,1619,3126
magog,1009,2156,3165
clown,1110,2382,3492
piety,1363,2844,4207
noisy,1430,2685,4115
chick,1101,1224,2325
devon,1049,2805,3854
kerry,1387,1972,3359
value,1439,3061,4500
serve,1732,1826,3558
spool,1206,1944,3150
angie,1250,3677,4927
spare,1705,3494,5199
spend,1106,2931,4037
novel,1098,3166,4264
rhyme,991,3043,4034
rangy,1362,2882,4244
clomp,982,2347,3329
tater,1392,3356,4748
cruel,1380,3225,4605
ponce,1589,2643,4232
greed,1213,2159,3372
sheik,1251,2761,4012
hilum,765,2595,3360
zazen,1158,2537,3695
titus,880,2361,3241
bilge,1415,2601,4016
klaus,973,3075,4048
haiti,1171,2507,3678
knoll,842,2094,2936
gerry,1482,1983,3465
slate,1882,3569,5451
milan,1180,3266,4446
plunk,1031,1998,3029
flack,1137,2292,3429
judas,826,2585,3411
merck,1168,2667,3835
build,1150,2134,3284
alter,1196,4448,5644
duane,1622,3094,4716
irish,1083,2287,3370
eagle,1471,2634,4105
twist,1052,1816,2868
china,1188,3057,4245
growl,1000,2524,3524
navel,1190,3524,4714
waist,1410,2850,4260
gimpy,1028,1723,2751
weber,1114,2005,3119
modem,1124,2170,3294
upend,682,3078,3760
broke,1535,2585,4120
beast,1523,3430,4953
chirp,1062,2483,3545
aides,1121,3964,5085
cameo,1334,3481,4815
folic,1056,2543,3599
feint,1369,2877,4246
depth,979,2750,3729
coral,1420,3494,4914
flout,1109,2430,3539
skulk,983,1673,2656
alert,1235,4409,5644
veery,1341,1920,3261
creek,1343,2052,3395
whirl,1026,2590,3616
moldy,1332,2011,3343
curia,1256,3324,4580
rajah,1047,1992,3039
haste,1498,3577,5075
glyph,703,2119,2822
midas,971,3128,4099
burly,1446,2095,3541
salve,1772,3005,4777
doria,1280,3514,4794
shelf,1090,2869,3959
froze,1368,2374,3742
debit,1165,2911,4076
lanky,1367,2598,3965
tweak,864,3326,4190
baste,1646,3307,4953
blest,1260,3197,4457
allen,1320,3207,4527
benny,1531,1685,3216
betsy,1449,2691,4140
dwelt,926,2969,3895
ducat,1057,2896,3953
cabot,1339,2869,4208
quest,1026,2774,3800
track,1239,2983,4222
lymph,526,2345,2871
curio,1180,2950,4130
block,1150,1986,3136
frock,1104,2048,3152
genre,1535,2164,3699
khaki,749,2353,3102
amide,1258,3391,4649
basis,1275,2296,3571
satan,1624,2318,3942
aegis,1097,3893,4990
sonar,1502,3590,5092
bawdy,1333,1748,3081
cuzco,865,1355,2220
hoard,1248,3161,4409
taffy,1208,1865,3073
juror,968,1700,2668
weird,1135,2977,4112
puppy,1044,570,1614
field,968,2986,3954
grist,1299,2803,4102
venom,902,2906,3808
phlox,804,2055,2859
civet,1277,2717,3994
dying,809,2365,3174
aleck,1050,3564,4614
abate,1408,2669,4077
gusty,1182,2124,3306
pithy,1127,2174,3301
atoll,1001,3090,4091
grain,1390,3180,4570
qatar,1123,2237,3360
sheaf,1163,3292,4455
friar,1239,2368,3607
algol,982,2639,3621
bonze,1469,2174,3643
wrest,1166,3292,4458
shill,1339,1858,3197
genoa,1115,3849,4964
waxen,1248,2674,3922
gassy,1415,1823,3238
mckee,1203,1563,2766
demit,1167,2951,4118
tioga,1036,3455,4491
salle,1909,2681,4590
parch,1357,2675,4032
treat,1307,3441,4748
cooky,1490,931,2421
nasty,1316,3205,4521
eerie,1600,1800,3400
mocha,888,3021,3909
spice,1610,2648,4258
tardy,1509,2878,4387
needy,1213,2091,3304
synge,1395,2690,4085
sinai,1242,2744,3986
smith,1198,2404,3602
irate,1549,4104,5653
start,1457,2741,4198
inlay,1066,3519,4585
clerk,1126,3165,4291
draco,1188,3316,4504
unity,1096,2661,3757
fovea,1171,3017,4188
slept,1306,3189,4495
onset,936,3982,4918
stall,1332,2693,4025
match,1214,2614,3828
prone,1634,3052,4686
dugan,1043,2638,3681
cloud,1057,2481,3538
weedy,1258,1459,2717
canna,1394,1426,2820
monic,1095,2620,3715
tango,1097,3302,4399
septa,1275,3716,4991
cheek,1192,1654,2846
boyar,1147,3233,4380
blink,1210,2087,3297
truly,1355,2649,4004
loren,1456,3690,5146
arson,1119,3973,5092
three,1598,2278,3876
smack,1222,2386,3608
armco,945,3513,4458
vitro,824,3140,3964
anion,1092,2960,4052
epsom,554,3566,4120
vomit,1096,2239,3335
moron,1320,1944,3264
bream,1154,3571,4725
liven,1110,3117,4227
quash,1067,2358,3425
lingo,831,3116,3947
snark,1295,3140,4435
trial,1299,3824,5123
astor,788,4352,5140
chasm,1111,2732,3843
savoy,1651,2325,3976
begot,1224,2794,4018
lance,1618,3524,5142
bison,1107,2827,3934
elena,1033,3494,4527
witty,1188,1383,2571
ervin,1023,3377,4400
bleat,1317,3656,4973
being,1227,2706,3933
abase,1411,2681,4092
golly,1395,1413,2808
minsk,1001,2318,3319
sever,1439,2119,3558
fishy,1031,2090,3121
pasha,1033,2191,3224
drink,1172,2386,3558
asset,1036,3519,4555
welch,1058,2625,3683
daisy,1623,2615,4238
wrath,1204,2864,4068
beech,1251,1708,2959
lipid,855,1868,2723
downy,1275,1771,3046
fancy,1505,2135,3640
rivet,1113,3335,4448
honda,1006,3147,4153
tilde,1336,3238,4574
malay,1588,1719,3307
steak,1177,3663,4840
slink,1398,2377,3775
drool,1179,2214,3393
champ,996,2407,3403
clump,890,2096,2986
spawn,1188,2555,3743
crook,1220,1691,2911
lossy,1308,1985,3293
debar,1057,3714,4771
araby,1426,2012,3438
chime,1429,2477,3906
hovel,1155,2816,3971
cache,1463,2490,3953
annie,1360,3176,4536
trump,870,2535,3405
conic,1186,2089,3275
sally,1784,1959,3743
fusty,1179,1977,3156
mulct,1141,2270,3411
choir,1178,2873,4051
gauge,1521,2287,3808
tulip,976,2721,3697
expel,778,2045,2823
pulse,1446,2787,4233
elves,966,2419,3385
glare,1607,3567,5174
cargo,1255,3154,4409
booty,1606,1174,2780
ember,803,2530,3333
bantu,1178,2885,4063
laden,1369,3644,5013
niger,986,3618,4604
coney,1708,2667,4375
teach,1330,3484,4814
tapis,1152,3318,4470
ester,863,3369,4232
vella,1006,2895,3901
occur,476,2749,3225
decry,1286,2889,4175
sough,1330,1998,3328
awake,1310,2019,3329
eliot,1185,3845,5030
flail,1264,2170,3434
macon,1211,2991,4202
ryder,824,2736,3560
sting,1142,2704,3846
casey,1704,3184,4888
flick,1064,1878,2942
podge,1381,2300,3681
round,1063,2846,3909
doric,1144,2873,4017
fifty,1107,1479,2586
grave,1501,2964,4465
thick,1015,2171,3186
flora,1113,3427,4540
stash,1324,2325,3649
spate,1683,3308,4991
scaly,1532,2826,4358
coypu,790,2381,3171
scalp,1151,3064,4215
tonic,1100,3036,4136
ridge,1162,3115,4277
scrim,1105,2800,3905
lager,1285,3889,5174
gabon,1187,2749,3936
burch,1188,2013,3201
stoke,1492,2898,4390
birth,1200,2553,3753
earth,1270,3998,5268
where,1316,1925,3241
cobra,1165,3251,4416
minor,1041,3128,4169
silas,1339,2730,4069
murre,1525,2009,3534
csnet,1186,3405,4591
hades,1235,3465,4700
fugal,978,2541,3519
bleak,1154,3243,4397
lewis,947,3382,4329
davis,1119,2727,3846
crock,1226,1685,2911
amino,928,3564,4492
refer,1065,1671,2736
wyatt,1046,2012,3058
party,1628,2709,4337
stark,1294,3189,4483
wring,1025,2379,3404
yearn,1264,4015,5279
punic,977,2391,3368
ladle,1498,2702,4200
erode,1409,2514,3923
gnome,1205,2807,4012
waite,1689,3121,4810
torah,1310,3474,4784
caine,1893,3258,5151
latin,1306,3561,4867
seize,1736,1535,3271
berne,1728,1978,3706
gunky,1152,1515,2667
power,1186,2913,4099
czech,895,1730,2625
stupa,995,3169,4164
wyner,925,3188,4113
bronx,1145,2142,3287
notre,1416,3695,5111
atone,1420,4014,5434
palsy,1551,2628,4179
marry,1630,1850,3480
strom,1092,3096,4188
minim,986,1172,2158
shawl,1245,2665,3910
dutch,961,2120,3081
xenon,1044,2202,3246
melon,1212,3305,4517
blitz,1060,2064,3124
rapid,1043,3245,4288
excel,792,2210,3002
lapse,1478,3548,5026
comet,1428,2856,4284
livid,850,1624,2474
tunic,962,2831,3793
alsop,862,3680,4542
niche,1030,3249,4279
creon,1294,3571,4865
altar,1083,3135,4218
cobol,1157,1694,2851
radii,1005,2847,3852
bough,1142,1708,2850
upton,707,2944,3651
smite,1594,2914,4508
extol,691,3499,4190
skiff,867,1440,2307
ninth,923,2176,3099
stunk,1115,2319,3434
roost,1298,2450,3748
robin,1110,3017,4127
loire,1655,3583,5238
ready,1419,3533,4952
adept,839,3762,4601
naked,1063,3339,4402
mummy,1066,552,1618
della,1105,3095,4200
crumb,903,2218,3121
allot,1174,2917,4091
toast,1475,2596,4071
jules,1038,2817,3855
gauss,1200,2058,3258
yemen,1112,2146,3258
hatch,1147,2241,3388
bread,1209,3562,4771
oxide,1062,2762,3824
ouvre,1177,3046,4223
timon,1004,2957,3961
hilly,1230,1670,2900
pease,1744,2386,4130
selma,1293,3737,5030
guise,1513,2684,4197
marty,1608,2733,4341
ecole,1222,2657,3879
sulky,1441,1794,3235
orbit,1018,3157,4175
slime,1692,2851,4543
whiff,684,1208,1892
okapi,566,3394,3960
scarp,1186,3202,4388
vodka,822,2470,3292
amity,1237,2940,4177
chaos,1188,3157,4345
helen,1324,2331,3655
yucca,746,2439,3185
snake,1592,3200,4792
sedan,1448,3545,4993
rhino,948,3301,4249
woody,1342,891,2233
joint,1295,2284,3579
girth,1091,2655,3746
seamy,1748,2965,4713
tibia,985,2571,3556
hager,1261,3537,4798
sprue,1483,2923,4406
vixen,987,2409,3396
cider,1204,3297,4501
swept,1092,2733,3825
chess,1042,2395,3437
mealy,1583,3150,4733
ascii,636,3152,3788
death,1302,3383,4685
staph,1182,2903,4085
cumin,1138,2234,3372
major,1054,2847,3901
valve,1381,2520,3901
idiom,658,2115,2773
alien,1435,3997,5432
usual,726,3037,3763
bible,1386,2239,3625
young,892,2432,3324
annul,842,2858,3700
broth,1265,2525,3790
beige,1628,1492,3120
diana,1242,2354,3596
caddy,1416,1656,3072
index,655,3040,3695
swamp,1045,2325,3370
above,1159,3186,4345
caper,1386,3552,4938
nixon,806,1919,2725
folly,1392,1266,2658
crump,956,2203,3159
query,1202,2509,3711
dryad,913,2613,3526
foist,1366,2459,3825
toefl,1074,3292,4366
eject,848,2112,2960
titan,1142,2829,3971
place,1633,3132,4765
eaten,1401,3091,4492
goren,1471,3170,4641
senor,1408,3718,5126
taxon,1153,2920,4073
grade,1547,3217,4764
proud,1052,2480,3532
janos,1097,2984,4081
ranch,1192,3217,4409
davit,1262,2569,3831
viral,1081,3368,4449
salvo,1304,2989,4293
folio,1116,1868,2984
mecum,809,2271,3080
fully,1254,1061,2315
soupy,1563,1869,3432
dully,1262,1298,2560
force,1610,2683,4293
preen,1402,2342,3744
raoul,1205,3693,4898
aerie,1704,3088,4792
whoop,838,1286,2124
giant,1347,3015,4362
sooth,1523,1676,3199
ethos,577,4048,4625
print,1378,2706,4084
freya,914,3793,4707
sweat,1291,3490,4781
baton,1370,3036,4406
mazda,976,1406,2382
muong,1010,2175,3185
catch,1305,2083,3388
cotty,1484,1513,2997
audio,947,3377,4324
rigid,858,1993,2851
rainy,1604,3154,4758
nikko,534,2411,2945
leaky,1427,3151,4578
mercy,1488,2641,4129
brawl,1208,2773,3981
shank,1386,2500,3886
abash,1015,2171,3186
vista,833,3388,4221
krill,1098,2057,3155
hydra,683,3363,4046
gorge,1512,2316,3828
offal,557,2914,3471
tower,1171,3353,4524
green,1354,2345,3699
glass,1163,2392,3555
hague,1392,2936,4328
vogel,1138,2704,3842
dolan,1283,3246,4529
topic,957,2802,3759
playa,1054,2249,3303
milky,1184,1921,3105
hokan,1056,2896,3952
chris,1140,2845,3985
click,1186,1515,2701
gavin,1224,2464,3688
charm,1130,2906,4036
arhat,1121,2721,3842
calyx,1007,2540,3547
fetid,1057,2862,3919
nawab,858,1971,2829
sachs,1216,2187,3403
kabul,949,2621,3570
ultra,857,3960,4817
cloth,1209,2625,3834
terry,1515,2420,3935
burtt,1302,1625,2927
soggy,1502,1286,2788
raven,1298,3589,4887
aloof,1006,2465,3471
quill,1002,1436,2438
rodeo,1094,2829,3923
quirk,964,1932,2896
mcgee,1284,1588,2872
agave,1252,2144,3396
koran,1263,3238,4501
meyer,1151,2363,3514
fresh,1100,3032,4132
sport,1324,2860,4184
bourn,1346,2475,3821
risen,1132,3957,5089
shard,1363,2980,4343
kruse,1368,2887,4255
tidal,1029,3511,4540
truck,1048,2381,3429
plait,1405,3085,4490
josef,974,2569,3543
clive,1481,2548,4029
plush,1049,2278,3327
loose,1610,2530,4140
goofy,1344,809,2153
nasal,1129,2848,3977
topsy,1309,2385,3694
snout,1245,2846,4091
degas,1043,3528,4571
oxbow,375,1256,1631
thief,1094,2859,3953
panda,1185,1942,3127
reach,1252,3770,5022
buxom,803,1641,2444
askew,670,3535,4205
maser,1342,3861,5203
leech,1127,2330,3457
whelp,775,2729,3504
felon,1181,3137,4318
motel,1319,3246,4565
elder,1036,2841,3877
axial,1019,2239,3258
latex,1190,3450,4640
draft,1221,2828,4049
depot,1087,3064,4151
lisle,1291,2812,4103
empty,883,2859,3742
thigh,963,1714,2677
qualm,936,2429,3365
feign,1201,2575,3776
frame,1531,3037,4568
front,1301,2625,3926
mayor,1092,3330,4422
shred,1406,2971,4377
japan,1130,1569,2699
aorta,1286,2978,4264
month,1173,2403,3576
rupee,1388,2142,3530
these,1381,2302,3683
pride,1522,2800,4322
human,986,2778,3764
deify,1347,2290,3637
healy,1516,3297,4813
honey,1550,2730,4280
servo,1264,3236,4500
admix,616,2672,3288
stood,1156,2009,3165
realm,1124,4099,5223
payne,1548,3098,4646
harpy,1402,2594,3996
sloop,1271,1879,3150
irvin,960,2014,2974
llama,1061,1667,2728
heard,1220,3673,4893
fleck,982,2481,3463
lemon,1054,3463,4517
warty,1529,2598,4127
stink,1233,2507,3740
spoof,1039,1456,2495
droop,1045,1888,2933
soapy,1754,2471,4225
chute,1428,2593,4021
passe,1588,2542,4130
cycad,793,2279,3072
edith,842,3356,4198
midst,1057,2511,3568
debby,1103,1786,2889
fifth,836,1691,2527
cubby,1107,1084,2191
embed,743,2007,2750
harsh,1273,2584,3857
mango,1092,2886,3978
spoke,1458,2507,3965
grump,837,2098,2935
ghent,1097,2914,4011
guano,1149,2988,4137
decoy,1258,2790,4048
women,1225,2622,3847
hondo,930,1831,2761
churn,1135,2481,3616
poach,1373,2532,3905
braid,1358,2892,4250
crone,1705,3160,4865
yates,1194,3940,5134
dylan,941,3225,4166
myrrh,925,1683,2608
robot,1083,2187,3270
beaux,1160,2720,3880
flake,1456,2784,4240
lusty,1167,2644,3811
moose,1653,2031,3684
somal,1403,3143,4546
pusey,1403,2513,3916
proof,1055,1633,2688
nehru,682,3745,4427
sword,1135,2464,3599
dwyer,806,2980,3786
madam,1103,1215,2318
haiku,1011,2690,3701
fauna,1261,1784,3045
becky,1242,2061,3303
usage,1128,3556,4684
staid,1315,3205,4520
brain,1499,3078,4577
bevel,1275,1632,2907
baron,1493,3121,4614
habit,1241,2835,4076
wolve,1332,2345,3677
study,1297,2104,3401
alger,1137,4037,5174
slope,1644,2932,4576
canis,1381,3220,4601
opera,761,4504,5265
daunt,1379,2772,4151
karol,1232,3352,4584
gruff,768,1532,2300
paula,1265,2058,3323
savvy,1507,1527,3034
hiatt,1274,2404,3678
clare,1726,3672,5398
usher,633,3857,4490
glade,1481,3110,4591
cleat,1327,3863,5190
dixon,907,2304,3211
steep,1229,2370,3599
laura,1237,2719,3956
erato,1144,4546,5690
gorky,1362,1904,3266
flint,1261,2455,3716
swain,1407,2805,4212
blare,1716,3465,5181
bogus,1023,2183,3206
smash,1274,1954,3228
gable,1495,3008,4503
court,1389,2697,4086
suave,1730,2750,4480
tatty,1490,1342,2832
peter,1287,2505,3792
north,1121,3084,4205
music,861,2574,3435
aster,967,4657,5624
argon,1105,3502,4607
bauer,1508,3376,4884
alike,1451,3453,4904
adieu,951,3857,4808
spree,1748,2059,3807
modal,1150,3006,4156
abbey,1151,2644,3795
dealt,1403,3658,5061
burro,1138,1870,3008
cover,1289,2950,4239
ampex,735,3024,3759
quail,1142,2688,3830
stoop,1106,2009,3115
apron,1022,3630,4652
credo,1043,3495,4538
shrug,1061,2394,3455
scuba,922,2958,3880
perth,1237,3075,4312
miaow,1064,2841,3905
gizmo,641,2101,2742
carol,1446,3468,4914
aware,1458,2655,4113
essex,664,1703,2367
broad,1265,3022,4287
saudi,1285,2973,4258
theme,1261,1986,3247
maybe,1329,2906,4235
mount,1310,2345,3655
debut,1019,2751,3770
oxeye,897,2115,3012
least,1399,4052,5451
gould,1061,2253,3314
glean,1175,3743,4918
guest,1149,3004,4153
volvo,821,1204,2025
edgar,685,4079,4764
ethan,753,4259,5012
idaho,620,3625,4245
ohmic,623,2799,3422
exude,1005,1571,2576
nroff,764,2301,3065
sylow,929,2590,3519
aside,1244,3841,5085
amply,974,2769,3743
flunk,980,1854,2834
assai,675,2498,3173
slant,1634,3204,4838
david,1088,1882,2970
sorry,1807,1659,3466
heine,1615,2049,3664
levin,1089,3138,4227
pliny,1469,2160,3629
ditto,901,2293,3194
defer,1115,2107,3222
trunk,1082,2545,3627
dwell,836,2198,3034
steal,1250,4201,5451
hying,765,2443,3208
gorse,1616,3088,4704
danny,1547,1723,3270
abbot,815,2778,3593
bobby,1235,684,1919
snuff,835,1694,2529
fairy,1634,2552,4186
about,935,3257,4192
shake,1671,2828,4499
iliad,1014,2665,3679
sneer,1340,2844,4184
title,1384,2704,4088
exile,1214,2078,3292
missy,1225,1575,2800
plaza,1060,1728,2788
urban,964,3307,4271
gibbs,700,1870,2570
faber,1282,3244,4526
plain,1372,3070,4442
waldo,1002,2940,3942
poesy,1492,2767,4259
hefty,1169,2458,3627
tyler,1001,3830,4831
wreak,1060,3338,4398
notch,998,2753,3751
decay,1324,3174,4498
showy,1393,1750,3143
chuck,983,1036,2019
leafy,1400,3134,4534
bedim,1058,2597,3655
blimp,998,2077,3075
cagey,1690,2713,4403
pinch,1067,2222,3289
hines,1124,3416,4540
sleep,1394,2240,3634
marie,1787,3445,5232
tramp,1061,3137,4198
snafu,1001,2920,3921
cajun,1140,2337,3477
washy,1201,2392,3593
eater,1320,3428,4748
order,1041,2882,3923
cream,1164,3778,4942
scare,1692,3686,5378
sunny,1609,1258,2867
error,1102,2335,3437
hyena,827,3903,4730
sense,1813,1302,3115
randy,1359,2980,4339
pouch,1182,1930,3112
nancy,1412,1987,3399
newel,1038,2323,3361
lange,1517,3401,4918
award,1002,2171,3173
yokel,1015,3113,4128
image,1167,3387,4554
elsie,1324,2779,4103
tulle,1415,2367,3782
inset,934,3947,4881
tally,1520,2208,3728
bloch,1199,2172,3371
faint,1489,2723,4212
addle,1115,3085,4200
scamp,1047,2712,3759
bonus,1133,2495,3628
thumb,666,2152,2818
chili,1003,1933,2936
wheel,1095,1973,3068
prexy,1217,2358,3575
peril,1315,3417,4732
price,1626,2825,4451
gypsy,934,1348,2282
codex,1176,2358,3534
drift,1148,2414,3562
hairy,1598,2867,4465
swirl,1245,2727,3972
clasp,1201,3014,4215
mince,1443,2756,4199
splat,1273,3188,4461
donor,1144,2166,3310
civic,912,795,1707
press,1122,2685,3807
caulk,1283,2504,3787
mambo,905,2267,3172
leapt,1257,3754,5011
bosch,1158,2193,3351
metro,1044,3694,4738
garth,1309,2924,4233
fleet,1318,2106,3424
sloth,1387,2708,4095
nerve,1339,2156,3495
evans,907,3787,4694
geigy,1394,1907,3301
cabal,1315,1986,3301
afoot,1007,2429,3436
slide,1705,2884,4589
plato,1165,3362,4527
flute,1391,2632,4023
bruce,1569,2538,4107
muzak,857,1923,2780
fetus,942,3061,4003
perch,1237,2829,4066
yukon,755,2463,3218
reich,1179,3356,4535
venal,1107,3607,4714
bound,1217,2021,3238
choke,1394,2394,3788
rilly,1224,2225,3449
ashen,906,4121,5027
hinge,1275,2780,4055
toddy,1238,1630,2868
lamar,1159,2638,3797
patsy,1508,2636,4144
scale,1657,3548,5205
elute,1355,2427,3782
berth,1298,2976,4274
tempt,1002,2161,3163
maria,1395,2411,3806
crept,1194,3213,4407
humus,724,1711,2435
dolce,1538,2827,4365
guile,1497,2720,4217
candy,1523,2362,3885
spica,1218,3006,4224
blade,1590,3008,4598
chang,1117,2614,3731
humid,839,2111,2950
trout,1211,2260,3471
regis,987,3680,4667
loess,1129,3011,4140
skull,1056,1600,2656
blinn,1340,1672,3012
paine,1822,3150,4972
sykes,1053,2113,3166
widen,1115,2741,3856
stone,1652,3266,4918
freon,1172,3319,4491
jumbo,542,1895,2437
mayst,1215,2933,4148
degum,805,2537,3342
verne,1525,1970,3495
euler,1133,2857,3990
stile,1631,3333,4964
intra,718,4322,5040
mania,1323,2227,3550
pearl,1391,3828,5219
minos,1012,2964,3976
halve,1436,2985,4421
filly,1266,1355,2621
lyric,782,3282,4064
motto,1050,1193,2243
aries,1391,4277,5668
serge,1781,1981,3762
watch,1135,2479,3614
meter,1267,2529,3796
gnarl,1071,3490,4561
label,1294,2818,4112
hobby,1087,1352,2439
piano,1209,3279,4488
hubby,949,1147,2096
shall,1412,2272,3684
allay,1397,1470,2867
amble,1117,3435,4552
pleat,1256,3755,5011
found,1105,1976,3081
livre,1274,3209,4483
roman,1118,3538,4656
joust,1146,2190,3336
agent,999,3884,4883
boyle,1470,2771,4241
spiny,1519,2090,3609
clara,1334,2638,3972
turvy,1233,2062,3295
gland,1163,2815,3978
tweed,966,2033,2999
musky,1084,1695,2779
drury,1362,1371,2733
rufus,661,2124,2785
sepal,1355,3671,5026
jowly,1118,1583,2701
sling,1307,2574,3881
poppy,1182,775,1957
monad,1173,2900,4073
drove,1407,2703,4110
sousa,1438,2371,3809
twirl,981,2976,3957
mateo,1315,3746,5061
boyce,1483,2477,3960
dewey,1386,1331,2717
never,1046,2449,3495
prank,1288,2707,3995
whore,1372,2811,4183
walla,1169,1345,2514
blind,1199,2299,3498
bette,1571,1114,2685
creak,1230,3557,4787
fault,1324,2665,3989
stein,1301,3580,4881
snipe,1506,2950,4456
texas,989,3631,4620
scald,1201,3064,4265
yoder,1075,3427,4502
janus,1011,2727,3738
susie,1658,2148,3806
mucus,785,1745,2530
aural,1228,2728,3956
cloak,1220,2910,4130
bator,1289,3373,4662
nonce,1445,2351,3796
byway,1063,1532,2595
vying,710,2165,2875
boris,1351,2839,4190
hindu,708,2615,3323
actor,805,4074,4879
billy,1378,1400,2778
scaup,1072,2846,3918
unite,1221,3383,4604
salem,1584,3446,5030
waals,1324,2066,3390
bandy,1513,2155,3668
stint,1396,2059,3455
torch,1250,2757,4007
remit,1117,3584,4701
tracy,1559,2957,4516
siena,1379,4033,5412
splay,1430,2749,4179
tilth,1044,2138,3182
clime,1514,2768,4282
knack,881,2224,3105
codon,1232,1624,2856
barry,1711,1727,3438
bluff,811,1323,2134
lowry,1243,2469,3712
gamut,1136,2547,3683
adorn,1023,3679,4702
other,724,4094,4818
genus,996,3109,4105
bunny,1421,968,2389
winch,968,2111,3079
aesop,970,4102,5072
sumac,1109,2813,3922
inane,1353,3183,4536
their,1036,3745,4781
butte,1461,1823,3284
tipsy,1183,2474,3657
blake,1568,2829,4397
patti,1100,2494,3594
sheep,1309,1949,3258
quake,1334,2406,3740
cress,1193,2793,3986
clung,1011,2303,3314
canon,1431,2331,3762
verdi,857,3216,4073
linus,883,3206,4089
gouda,1034,2776,3810
habib,964,2251,3215
ulcer,926,3679,4605
broil,1343,2867,4210
spasm,1175,1969,3144
naomi,971,3521,4492
ethel,809,2894,3703
blush,1110,2179,3289
squaw,941,2190,3131
farce,1702,3041,4743
aloft,1116,3216,4332
midge,1235,2413,3648
boron,1401,1821,3222
amber,907,3818,4725
miles,1183,3360,4543
tacky,1286,2446,3732
smile,1581,2962,4543
flank,1171,2456,3627
crash,1377,3095,4472
janet,1419,3131,4550
jolla,1023,2265,3288
among,834,3144,3978
theta,986,3213,4199
hodge,1294,2471,3765
model,1263,2927,4190
adobe,1151,3493,4644
clash,1311,2988,4299
tribe,1446,3213,4659
shout,1324,2474,3798
night,767,2723,3490
forgo,1041,1602,2643
ravel,1241,3729,4970
norse,1520,3606,5126
droll,1172,2221,3393
lumen,1123,3051,4174
elmer,1020,2811,3831
kapok,944,2111,3055
zesty,1148,2658,3806
ernie,1486,2727,4213
point,1448,2509,3957
haifa,1156,1902,3058
trash,1291,3427,4718
basal,1334,2228,3562
magic,1077,2666,3743
enter,928,3241,4169
hurst,1157,2768,3925
prism,1118,2608,3726
exist,948,3185,4133
groin,1291,2829,4120
posit,1265,2755,4020
swiss,1173,834,2007
flood,1021,1544,2565
revel,1121,2457,3578
evict,943,3051,3994
fruit,1229,2446,3675
wiley,1404,2628,4032
etude,1086,2286,3372
reese,1496,1875,3371
alloy,1331,2478,3809
claim,1247,3001,4248
vicky,941,1630,2571
worst,1283,2691,3974
zeiss,1054,2217,3271
easel,1299,3291,4590
scarf,1153,3040,4193
bowel,1271,2617,3888
logan,1161,3273,4434
terra,1248,3500,4748
gregg,859,2027,2886
clint,1383,2707,4090
arise,1646,4022,5668
bench,1226,2546,3772
telex,1161,2087,3248
squat,1212,2554,3766
trend,1107,3548,4655
wrote,1501,3023,4524
penal,1249,3714,4963
bleed,1256,1950,3206
sloan,1528,3391,4919
trans,1293,3718,5011
leila,1200,3419,4619
flair,1240,3263,4503
comic,1063,1839,2902
shape,1658,2992,4650
grout,1178,2684,3862
nitty,1143,2015,3158
plaid,1231,2884,4115
lenin,1237,2803,4040
yeast,1278,3856,5134
small,1282,2322,3604
lurid,1058,2897,3955
lucid,857,2644,3501
photo,981,1778,2759
paean,1451,2616,4067
scion,1276,2875,4151
smote,1568,2977,4545
loamy,1464,2785,4249
kajar,997,1807,2804
scene,1549,2181,3730
peggy,1225,1607,2832
cable,1614,3113,4727
braun,1353,2918,4271
reave,1498,2576,4074
anent,1083,3409,4492
hover,1131,3013,4144
forth,1214,2419,3633
carib,1319,3060,4379
blend,1117,2902,4019
kodak,954,2151,3105
wrack,1155,2432,3587
spiro,1164,3064,4228
agate,1402,2668,4070
caste,1656,3514,5170
rotor,1043,1829,2872
butyl,902,2431,3333
topaz,930,2765,3695
liana,1222,2784,4006
stain,1456,3391,4847
dream,1050,3763,4813
visit,997,1832,2829
mario,1319,3429,4748
inert,904,4170,5074
jorge,1407,2479,3886
lilly,1254,1126,2380
spitz,1049,2093,3142
floor,1081,2067,3148
sarah,1666,2191,3857
stair,1375,3728,5103
fanny,1539,1486,3025
eucre,1257,2452,3709
kraft,1121,2727,3848
ovary,1134,3035,4169
abbas,738,1928,2666
niobe,1235,3249,4484
annal,994,2107,3101
alibi,882,2709,3591
saxon,1417,2671,4088
ocean,863,4325,5188
nobel,1121,3354,4475
stahl,1185,3360,4545
geode,1490,1755,3245
posey,1541,2718,4259
coupe,1510,2508,4018
stick,1199,2343,3542
havoc,912,2744,3656
welsh,1061,2883,3944
agone,1337,3627,4964
perry,1530,1980,3510
fargo,1133,2902,4035
drain,1395,3270,4665
starr,1343,2855,4198
carla,1419,2553,3972
tangy,1440,2596,4036
ripen,1085,3564,4649
louis,1144,3074,4218
overt,822,3663,4485
hesse,1381,1441,2822
roast,1397,3743,5140
quilt,1092,2207,3299
proto,1132,2176,3308
costa,1172,3514,4686
given,1125,2597,3722
noble,1307,3168,4475
auxin,1015,2759,3774
spore,1606,3143,4749
trite,1611,2650,4261
cause,1744,3164,4908
douse,1538,2791,4329
sepia,1329,3706,5035
quell,920,2039,2959
bloop,1083,1589,2672
dwarf,859,2555,3414
andre,1221,3965,5186
filmy,1162,1899,3061
polio,1167,2012,3179
maine,1802,3174,4976
essay,976,3297,4273
slump,1068,2179,3247
macho,904,3005,3909
brest,1326,3304,4630
grady,1422,2495,3917
hasty,1373,2855,4228
miser,1124,3592,4716
plead,1082,3554,4636
plumb,766,2003,2769
monty,1444,2191,3635
canoe,1746,3442,5188
spurn,1199,2594,3793
swine,1629,2617,4246
maier,1545,3687,5232
asher,825,4458,5283
unify,943,2194,3137
druid,1063,1996,3059
diane,1634,3388,5022
lorry,1495,1991,3486
crust,1300,2720,4020
criss,1275,2190,3465
flask,1140,2550,3690
borax,1232,2634,3866
couch,1253,1423,2676
lolly,1380,1037,2417
ellis,987,3116,4103
cedar,1189,3799,4988
demur,907,3113,4020
fraud,1100,2687,3787
flame,1465,2930,4395
whelm,770,2738,3508
sauna,1561,2119,3680
cater,1478,3885,5363
sushi,914,1986,2900
seoul,1427,3312,4739
wrist,1248,2689,3937
debra,1023,3748,4771
crest,1336,3511,4847
tiber,1100,3559,4659
swell,1128,2296,3424
shore,1720,3113,4833
mafia,1143,1835,2978
climb,955,2299,3254
bryce,1413,2674,4087
nudge,1099,2616,3715
ayers,886,4456,5342
grape,1512,3202,4714
speck,1083,2555,3638
julep,957,2458,3415
diety,1320,2937,4257
susan,1349,2331,3680
allis,1091,2978,4069
scorn,1278,3037,4315
affix,538,2065,2603
laugh,1110,2688,3798
keyes,999,2167,3166
milch,1039,2337,3376
amuse,1247,3486,4733
token,1241,3086,4327
spell,1143,2491,3634
teeth,1175,1632,2807
mousy,1436,2000,3436
kirov,813,2575,3388
menlo,1060,3457,4517
yeats,1132,4002,5134
chile,1533,2829,4362
weary,1539,3153,4692
smell,1127,2511,3638
meant,1473,3459,4932
snarl,1368,3678,5046
libra,905,3755,4660
rubin,972,2812,3784
molal,1249,2421,3670
versa,1102,3848,4950
spade,1579,3037,4616
stunt,1278,1871,3149
baggy,1406,1354,2760
scout,1197,2696,3893
uncle,972,3377,4349
pecos,1001,3294,4295
ceres,1452,2534,3986
drape,1517,3292,4809
munch,1035,1952,2987
objet,749,2936,3685
lotus,958,3216,4174
derek,1318,1948,3266
trawl,1132,3312,4444
plate,1633,3378,5011
bater,1468,3678,5146
india,694,2902,3596
tampa,1012,2117,3129
cigar,1088,3284,4372
swelt,1218,3067,4285
grime,1461,2770,4231
mobil,1126,2455,3581
shuck,1161,1734,2895
layup,853,3049,3902
unary,1191,3261,4452
mayer,1271,3635,4906
gules,1143,3045,4188
xerox,881,2621,3502
brood,1199,1696,2895
brent,1357,3210,4567
noose,1529,2528,4057
fussy,1182,1113,2295
rogue,1294,3133,4427
veldt,1025,2831,3856
colza,1079,2830,3909
inapt,898,3509,4407
worry,1459,1357,2816
repel,1126,2701,3827
water,1308,3666,4974
bliss,1199,1876,3075
knock,782,1873,2655
divan,1017,2766,3783
garry,1602,1829,3431
slush,1298,1593,2891
march,1337,2699,4036
shade,1693,3007,4700
filch,1008,2169,3177
loath,1310,3301,4611
mimic,846,1114,1960
sibyl,1028,2626,3654
fount,1279,2177,3456
whale,1436,3024,4460
seton,1438,3480,4918
chief,1180,2527,3707
morse,1644,3109,4753
jesse,1315,1045,2360
nepal,962,4001,4963
rifle,1177,3360,4537
adage,1314,2381,3695
phony,1358,1932,3290
smelt,1217,3282,4499
samoa,1409,2241,3650
canal,1440,2276,3716
trade,1580,3654,5234
iliac,942,2866,3808
elbow,682,3206,3888
engel,893,2633,3526
debug,765,2535,3300
genie,1567,1968,3535
banal,1430,2069,3499
breve,1455,1625,3080
trait,1456,2771,4227
raman,1210,2504,3714
keith,1129,2868,3997
melee,1706,1056,2762
glide,1408,2696,4104
louse,1518,3221,4739
bloat,1373,3116,4489
ghana,1142,1974,3116
emery,1073,2441,3514
chaff,927,1841,2768
locus,880,3048,3928
radio,1067,3727,4794
local,1085,2760,3845
baden,1493,3022,4515
bathe,1531,3066,4597
surge,1671,2690,4361
rabbi,768,2996,3764
simon,1268,2708,3976
verse,1494,2064,3558
hedge,1266,1557,2823
cacao,1215,1734,2949
seven,1520,1782,3302
belch,1218,2637,3855
moral,1329,3410,4739
barge,1713,2963,4676
breed,1322,2057,3379
sprig,1093,2584,3677
bragg,1123,2127,3250
argus,909,3418,4327
owlet,974,3377,4351
horde,1470,2973,4443
floyd,840,2304,3144
sully,1554,1396,2950
pewee,1554,534,2088
hanna,1236,1489,2725
spoil,1266,2789,4055
knott,945,1956,2901
lasso,1057,3049,4106
willa,951,2468,3419
satyr,1296,3481,4777
hooch,1187,890,2077
manna,1303,1342,2645
drake,1530,3128,4658
pluck,997,1834,2831
riggs,734,2507,3241
corps,1168,2770,3938
tamil,1225,3269,4494
percy,1508,2617,4125
snowy,1314,2122,3436
igloo,573,2561,3134
scope,1432,2863,4295
talon,1337,3567,4904
swart,1408,3016,4424
surly,1634,2385,4019
shale,1784,3326,5110
samba,1250,1856,3106
bassi,1119,2452,3571
ising,679,2306,2985
vogue,1245,2300,3545
risky,1023,2691,3714
graft,1216,2738,3954
crane,1804,3511,5315
zomba,717,2519,3236
union,900,2359,3259
mould,1089,2274,3363
acorn,1046,3785,4831
lilac,924,2884,3808
delhi,820,3413,4233
arose,1620,4085,5705
glaze,1404,2765,4169
slick,1364,2213,3577
rummy,993,1694,2687
gummy,1038,971,2009
decal,1077,3738,4815
brand,1338,2820,4158
polar,1245,3490,4735
bossy,1432,1363,2795
gamma,1001,1222,2223
amort,1076,3628,4704
niece,1344,2415,3759
claus,1187,3191,4378
staff,1025,2345,3370
spire,1632,3080,4712
perez,1245,1750,2995
drone,1591,3145,4736
swear,1177,3812,4989
plump,819,1552,2371
ozark,804,2948,3752
which,980,1286,2266
guilt,1215,2437,3652
kombu,594,2070,2664
mange,1560,2902,4462
wordy,1333,1969,3302
canto,1284,3339,4623
cosec,1209,2650,3859
leery,1420,2550,3970
miami,976,1761,2737
share,1819,3464,5283
akers,842,4206,5048
rough,988,2533,3521
flush,998,2134,3132
toxin,1121,2465,3586
canny,1661,1738,3399
waltz,1013,2426,3439
torus,1129,3218,4347
velar,1075,3895,4970
truce,1493,3077,4570
hazel,1206,3092,4298
storm,1129,3059,4188
hausa,1194,2193,3387
purge,1422,2499,3921
adore,1338,3977,5315
clark,1281,2976,4257
lousy,1393,2499,3892
curry,1491,1371,2862
imbue,871,2897,3768
sturm,1037,2808,3845
swipe,1456,2413,3869
agnew,842,3406,4248
event,895,2392,3287
queer,1082,2050,3132
hymen,895,2883,3778
covet,1403,2628,4031
moist,1397,2627,4024
clean,1294,3848,5142
stand,1295,3133,4428
basil,1328,3139,4467
taint,1525,2446,3971
squid,1032,1872,2904
space,1683,3062,4745
stale,1704,3747,5451
movie,1475,2425,3900
pagan,1316,1716,3032
posse,1496,2184,3680
jerky,1229,2188,3417
kitty,1144,1486,2630
media,1096,3553,4649
extra,699,4114,4813
kelly,1272,1914,3186
vivid,771,807,1578
larry,1587,2349,3936
corey,1780,2851,4631
barth,1418,2822,4240
dance,1638,3094,4732
ionic,965,2310,3275
whisk,934,1878,2812
crave,1620,3069,4689
siren,1642,3447,5089
sybil,1053,2601,3654
franz,1121,2458,3579
edify,960,2677,3637
graph,1116,2692,3808
sharp,1313,2980,4293
wolff,790,1515,2305
elect,1109,2689,3798
vaduz,779,1949,2728
crime,1580,2875,4455
waken,1249,2893,4142
cluck,1068,1327,2395
cheer,1241,2389,3630
morel,1442,3331,4773
macro,1086,3372,4458
penna,1203,2864,4067
idiot,887,2307,3194
snook,1168,1748,2916
while,1363,2610,3973
scoot,1283,2011,3294
dinah,1084,3032,4116
blurb,966,1996,2962
fiche,1123,2584,3707
mouth,1162,2200,3362
coast,1561,3125,4686
relic,986,3925,4911
wedge,1254,1275,2529
emory,1129,3327,4456
hotel,1252,3393,4645
until,745,3329,4074
flesh,1034,2925,3959
estop,574,3967,4541
moser,1250,3503,4753
sault,1624,3000,4624
total,1211,2880,4091
faery,1552,3155,4707
klein,1074,3251,4325
frick,1130,1985,3115
glenn,1149,2377,3526
lithe,1189,3419,4608
mossy,1351,1486,2837
organ,1006,3601,4607
sabra,1435,2300,3735
medea,1215,2529,3744
strut,1235,2170,3405
tenet,1437,1663,3100
perky,1382,2413,3795
booze,1550,1280,2830
speak,1143,3272,4415
batch,1295,2491,3786
myron,978,2865,3843
funny,1309,923,2232
stead,1166,3875,5041
shoal,1386,3240,4626
negro,861,3780,4641
mauve,1500,2544,4044
bunch,1116,1829,2945
angry,1093,3151,4244
prune,1542,2801,4343
ideal,781,4324,5105
betty,1446,1818,3264
shift,1289,2114,3403
befit,1214,2617,3831
jiffy,852,931,1783
circe,1606,2409,4015
wound,1057,2009,3066
hiram,997,3329,4326
fight,860,2058,2918
novak,912,2707,3619
spill,1225,1888,3113
spume,1375,2402,3777
typic,615,2781,3396
assay,1080,1767,2847
puffy,993,862,1855
nifty,1014,2385,3399
seder,1480,2377,3857
errol,1126,3207,4333
merge,1512,1814,3326
halma,1077,2171,3248
snort,1359,3202,4561
epoxy,921,2527,3448
foamy,1476,2118,3594
olden,1056,3507,4563
amass,1013,1695,2708
whose,1353,2637,3990
slash,1489,2195,3684
quern,1012,2933,3945
stuff,834,1743,2577
avian,1074,2223,3297
nadir,1088,3577,4665
mooch,1254,1263,2517
parse,1756,3443,5199
delve,1360,1635,2995
kiosk,959,2049,3008
fiery,1334,2886,4220
dizzy,925,1109,2034
quite,1387,2442,3829
micro,868,3103,3971
greer,1273,1613,2886
dewar,1002,3597,4599
ouzel,915,3012,3927
akron,971,3530,4501
thank,1122,2749,3871
ditch,973,2414,3387
chore,1542,3030,4572
aback,963,1727,2690
width,861,2137,2998
styli,827,3290,4117
curse,1597,2988,4585
renal,1156,4440,5596
guide,1406,2401,3807
whine,1410,2480,3890
sofia,1320,3036,4356
brady,1531,2393,3924
belle,1601,1119,2720
rouge,1384,3043,4427
today,1402,2858,4260
aphid,676,3063,3739
wheat,1072,3353,4425
oscar,611,4283,4894
freud,945,2876,3821
wendy,1233,2297,3530
franc,1154,2976,4130
finch,1016,2078,3094
omega,622,3969,4591
craze,1589,2977,4566
alvin,1061,3132,4193
synod,1034,2662,3696
equal,786,3565,4351
sandy,1701,2445,4146
erect,1175,2796,3971
scuff,787,1544,2331
shell,1257,2461,3718
chive,1396,2257,3653
chump,805,1805,2610
woven,1200,2394,3594
bayda,1079,1776,2855
pitch,1016,2321,3337
skill,1174,1788,2962
primp,1003,1847,2850
lefty,1193,2810,4003
booky,1480,724,2204
injun,527,1848,2375
smear,1176,4027,5203
ernst,1153,3892,5045
dread,1105,3268,4373
chard,1185,2897,4082
denny,1427,1877,3304
tiger,1115,3537,4652
hurty,1311,2317,3628
kevin,1009,2607,3616
magma,1042,1181,2223
tahoe,1467,3674,5141
erich,1143,3392,4535
grasp,1148,3016,4164
groat,1330,3325,4655
eagan,1229,2793,4022
gloom,969,1700,2669
tight,896,1781,2677
sober,1490,3221,4711
grope,1413,2851,4264
pygmy,895,951,1846
cubit,1169,2209,3378
login,1155,2792,3947
sound,1405,2311,3716
stuck,1081,2155,3236
scoop,1059,1810,2869
gusto,839,2830,3669
banjo,1072,2531,3603
annoy,1175,2551,3726
basic,1172,3014,4186
faith,1341,2578,3919
porch,1265,2317,3582
taunt,1407,2258,3665
libel,1076,2549,3625
panic,1207,2954,4161
serif,1397,3120,4517
spilt,1315,2659,3974
perle,1620,2207,3827
stock,1173,2406,3579
yodel,1099,3230,4329
daddy,1302,1155,2457
fluid,989,2138,3127
quick,942,1500,2442
eldon,938,3625,4563
beefy,1369,1275,2644
enoch,887,3429,4316
heigh,1084,2158,3242
vowel,1068,2609,3677
apart,1191,2567,3758
anton,934,3074,4008
solve,1680,2647,4327
evoke,1073,1767,2840
epoch,852,3087,3939
limit,1049,2053,3102
furze,1291,2108,3399
thule,1329,2973,4302
aloha,999,2751,3750
sneak,1178,3614,4792
prior,1224,2128,3352
haven,1304,3034,4338
gibby,1000,1273,2273
shire,1746,3050,4796
fence,1510,1585,3095
chant,1371,2830,4201
messy,1323,1998,3321
oasis,1066,3049,4115
butch,1065,1928,2993
quota,969,2863,3832
tepee,1576,1147,2723
naacp,1211,2045,3256
argue,1334,3543,4877
shoot,1410,1789,3199
brock,1216,2093,3309
xhosa,864,2931,3795
ralph,1045,3268,4313
krebs,811,3243,4054
derby,1300,2658,3958
withe,1153,2785,3938
wacky,1202,1895,3097
offer,646,3032,3678
third,1026,2815,3841
swede,1409,1605,3014
egret,1081,2666,3747
pence,1561,1729,3290
thyme,1069,2757,3826
pobox,908,933,1841
taste,1570,2985,4555
kazoo,875,1808,2683
allyl,903,1964,2867
strop,1097,3087,4184
serum,1279,3131,4410
gates,1330,3616,4946
lapel,1276,2874,4150
russo,797,2689,3486
group,954,2483,3437
royal,1017,3861,4878
balsa,1345,2217,3562
black,1249,2337,3586
swing,1093,2118,3211
tunis,1065,2989,4054
peepy,1322,1119,2441
stoic,1144,3055,4199
leroy,1439,3473,4912
utica,828,3544,4372
wafer,1179,3175,4354
dross,1135,2238,3373
jaime,1518,2703,4221
throw,866,2752,3618
witch,917,2210,3127
stump,903,2309,3212
south,1431,2367,3798
foray,1545,2678,4223
agile,1316,3694,5010
larch,1294,3198,4492
brick,1242,2030,3272
whack,1004,2034,3038
trudy,1264,2330,3594
elfin,925,3356,4281
heady,1425,2978,4403
idyll,516,2350,2866
angel,997,3921,4918
rheum,697,3357,4054
sixth,1124,2103,3227
fling,1007,2239,3246
slurp,1207,2669,3876
grand,1229,2922,4151
learn,1385,4211,5596
duffy,950,955,1905
shiva,1182,2698,3880
mason,1244,3219,4463
shock,1253,1985,3238
heron,1225,3545,4770
motor,1116,2196,3312
drunk,1054,2198,3252
steed,1279,2370,3649
shack,1352,2336,3688
stamp,1094,2911,4005
nurse,1382,3401,4783
spoon,1263,1804,3067
goode,1518,1727,3245
woman,1112,2701,3813
exert,885,2536,3421
wotan,1184,3050,4234
virgo,824,2670,3494
grind,1156,2508,3664
bugle,1389,2321,3710
medic,960,2912,3872
ether,785,3091,3876
infix,463,1561,2024
irene,1428,2785,4213
pivot,1027,2304,3331
lunar,1052,3717,4769
spark,1260,2798,4058
skeet,1368,2080,3448
romeo,1078,2799,3877
swift,1160,1949,3109
buggy,1176,791,1967
rowdy,1087,2215,3302
phone,1483,2654,4137
sammy,1565,1722,3287
scant,1422,3135,4557
syrup,970,2589,3559
elton,994,3944,4938
chock,1075,1287,2362
fetal,1147,3669,4816
rosen,1258,3868,5126
elgin,995,3436,4431
briny,1596,2168,3764
punky,1200,1512,2712
avoid,901,3011,3912
pique,1162,2242,3404
gross,1130,2148,3278
lumpy,1001,1949,2950
under,784,3609,4393
hippo,626,2177,2803
jones,1184,2931,4115
bundy,1283,1592,2875
petri,1002,3695,4697
panty,1556,2525,4081
sidle,1592,2997,4589
amigo,793,3277,4070
chose,1523,2856,4379
hound,1069,2291,3360
marcy,1608,2487,4095
stool,1240,2335,3575
shark,1374,2768,4142
cynic,844,2068,2912
shrew,1309,2808,4117
snare,1740,3836,5576
shaky,1546,2106,3652
chafe,1466,2728,4194
still,1259,2279,3538
stern,1269,3776,5045
shame,1680,2974,4654
brake,1634,2936,4570
fable,1492,2861,4353
motif,1033,2356,3389
waste,1486,3295,4781
katie,1541,3328,4869
tithe,1237,2475,3712
gemma,881,2768,3649
huber,1016,2996,4012
minot,1155,2806,3961
flynn,954,1575,2529
stray,1544,3233,4777
elegy,1165,2127,3292
gloat,1264,3218,4482
twill,946,1942,2888
odium,574,2798,3372
aruba,968,2490,3458
abyss,639,2606,3245
riley,1410,3465,4875
erase,1615,3148,4763
gluey,1442,2449,3891
inter,865,4209,5074
jumpy,911,1201,2112
might,891,2226,3117
tulsa,1039,3585,4624
widow,698,1861,2559
swank,1257,2335,3592
zloty,1217,2125,3342
felix,1006,2527,3533
theft,943,2105,3048
pluto,974,2760,3734
binge,1423,2510,3933
angus,679,3392,4071
islet,957,4007,4964
fahey,1485,2673,4158
luzon,878,2436,3314
crush,1186,2493,3679
parsi,1226,3452,4678
antic,781,3805,4586
usurp,554,2426,2980
babel,1418,2694,4112
vouch,1040,1823,2863
moire,1698,3084,4782
flare,1604,3420,5024
vigil,893,1486,2379
purse,1526,2880,4406
amend,858,3699,4557
stare,1739,3885,5624
balky,1483,2067,3550
olsen,1067,3886,4953
cocky,1280,1141,2421
slack,1437,2627,4064
input,622,2992,3614
patch,1234,2590,3824
quack,1015,1914,2929
biggs,888,1682,2570
silky,1453,2088,3541
quiet,1278,2551,3829
coyly,1355,1677,3032
flour,995,2752,3747
jacob,834,2571,3405
chord,1086,2546,3632
filth,1008,2415,3423
grail,1333,3320,4653
zebra,874,3475,4349
attic,780,2993,3773
polka,1063,2888,3951
deane,1732,2385,4117
mangy,1435,2180,3615
wrong,999,2442,3441
rumen,1093,3254,4347
twain,1143,3054,4197
micky,1063,1761,2824
acute,1247,3646,4893
dater,1364,3870,5234
range,1487,3604,5091
shook,1247,1376,2623
spook,1133,1406,2539
nolan,1182,2861,4043
celia,1286,3948,5234
farad,1306,1882,3188
dante,1638,3340,4978
haunt,1335,2850,4185
false,1625,3206,4831
frill,1190,1921,3111
peace,1741,2128,3869
calve,1594,2922,4516
coven,1370,2613,3983
haydn,1008,2782,3790
shirt,1464,2767,4231
drank,1245,2800,4045
dusty,1187,2214,3401
strap,1163,3471,4634
finny,1321,1217,2538
break,1220,3350,4570
shunt,1358,2311,3669
glory,1383,2494,3877
belie,1668,1957,3625
rutty,1182,1926,3108
straw,1116,3308,4424
minus,926,2707,3633
upset,874,3324,4198
smoky,1317,1805,3122
video,919,3027,3946
delft,1075,2835,3910
dumpy,1021,1519,2540
andes,947,4046,4993
pasty,1460,2684,4144
utter,839,3116,3955
calla,1339,1564,2903
thine,1494,3031,4525
joyce,1269,2351,3620
hoagy,1456,2368,3824
myers,849,3541,4390
malta,1261,2328,3589
rusty,1137,2847,3984
siege,1636,1962,3598
buzzy,1017,623,1640
culpa,983,2955,3938
moyer,1179,3277,4456
cavil,1286,2709,3995
later,1344,4300,5644
below,1055,2833,3888
caret,1715,3648,5363
curve,1444,2452,3896
leigh,1108,3030,4138
rhine,1416,3317,4733
gleam,979,3566,4545
crete,1615,2356,3971
alton,1098,3806,4904
lycee,1228,2288,3516
lydia,739,3519,4258
arrow,1049,2580,3629
deneb,1132,1991,3123
spurt,1232,2609,3841
leone,1613,2464,4077
bulky,1253,1504,2757
chain,1358,2887,4245
virus,876,2760,3636
olive,1262,3094,4356
manse,1664,3283,4947
bicep,1062,2718,3780
alden,1221,3792,5013
evade,1194,2297,3491
kappa,864,1249,2113
wyeth,777,2835,3612
hamal,1159,2089,3248
bylaw,807,2684,3491
gunny,1312,1070,2382
pater,1407,3777,5184
fatal,1267,2123,3390
admit,884,3200,4084
lurch,1064,2635,3699
runic,884,3117,4001
kulak,915,2257,3172
naiad,1248,2348,3596
cecil,1185,2657,3842
hydro,607,2989,3596
pizza,701,2096,2797
wispy,1004,2018,3022
groan,1297,3310,4607
dense,1521,2080,3601
ogden,808,3250,4058
bongo,1081,1463,2544
tinny,1357,1801,3158
kiowa,829,2921,3750
avery,1144,3509,4653
raise,1698,3970,5668
salad,1526,2124,3650
burst,1305,2498,3803
naive,1494,3229,4723
trust,1214,2191,3405
aiken,1147,3674,4821
patio,1216,3320,4536
grief,1212,2820,4032
roomy,1335,1695,3030
saucy,1794,2267,4061
incur,522,3479,4001
jolly,1290,1185,2475
aloud,1003,3312,4315
kraut,1182,3024,4206
budge,1304,1996,3300
busch,1020,1988,3008
tenon,1225,2817,4042
waive,1539,2597,4136
grimy,1336,2048,3384
picky,1083,1737,2820
fatty,1454,1619,3073
biddy,1188,1180,2368
board,1396,2891,4287
avail,1084,2296,3380
dacca,1117,1376,2493
crazy,1464,2255,3719
digit,1082,1561,2643
apple,1115,3035,4150
deign,1209,2812,4021
boggy,1314,996,2310
eaton,1222,4212,5434
tread,1133,4101,5234
stake,1591,3249,4840
frond,1127,2424,3551
moody,1421,1026,2447
spiky,1359,1722,3081
saran,1747,2403,4150
slosh,1390,1844,3234
envoy,923,3024,3947
alice,1577,3657,5234
voice,1554,2521,4075
brian,1432,3145,4577
lever,1127,2451,3578
agree,1467,2811,4278
reign,1159,3445,4604
gaunt,1374,2682,4056
light,848,2725,3573
knife,1100,2570,3670
taken,1333,3444,4777
prime,1509,2767,4276
sedge,1602,1577,3179
foggy,1202,951,2153
vital,958,3283,4241
swill,1210,1693,2903
craft,1335,2843,4178
heinz,1054,2674,3728
brave,1610,2862,4472
slung,1189,2386,3575
paoli,1219,3352,4571
infra,589,3831,4420
alias,1212,2857,4069
plasm,1125,2915,4040
angst,917,3416,4333
first,1205,2747,3952
house,1494,2869,4363
carne,1858,3457,5315
amoco,868,2521,3389
patty,1505,1763,3268
jesus,795,2164,2959
rhoda,860,3549,4409
scent,1267,3324,4591
bruno,1135,2686,3821
cathy,1416,2551,3967
simla,1184,3325,4509
rabat,1241,2479,3720
piggy,1127,1184,2311
sisal,1304,2765,4069
clear,1213,4185,5398
wormy,1320,1936,3256
macaw,1039,1634,2673
bitch,1077,2222,3299
cramp,1147,2805,3952
tying,837,2712,3549
stole,1605,3396,5001
shyly,1312,1559,2871
psalm,880,3160,4040
levis,979,3311,4290
scold,1102,2713,3815
holst,1215,2880,4095
focus,892,2381,3273
hindi,742,1982,2724
noise,1555,3407,4962
ounce,1303,3092,4395
beady,1573,2708,4281
windy,1135,1874,3009
vacua,926,1867,2793
alley,1510,2783,4293
dowel,1167,2809,3976
foyer,1148,3109,4257
bambi,924,2211,3135
mommy,1204,757,1961
clout,1231,2682,3913
wally,1436,1657,3093
alarm,1161,2636,3797
briar,1351,2413,3764
gumbo,647,2123,2770
naval,1077,2211,3288
pixel,1072,2656,3728
twine,1365,2866,4231
buteo,1166,3060,4226
sweep,1180,1784,2964
dingo,851,2686,3537
essen,899,2216,3115
lethe,1287,2416,3703
gully,1257,1208,2465
merit,1385,3316,4701
bizet,1226,2428,3654
manic,1187,2978,4165
crore,1693,2359,4052
crank,1359,2815,4174
cetus,1064,3313,4377
built,1324,2335,3659
aspen,956,3987,4943
booby,1441,478,1919
wreck,1000,2621,3621
dirge,1391,2886,4277
villa,908,2472,3380
triad,1215,3498,4713
radix,985,2932,3917
pyrex,942,2633,3575
scott,1289,2005,3294
plane,1667,3296,4963
sinus,1195,1998,3193
dietz,884,2858,3742
slang,1380,2988,4368
buick,1174,1628,2802
otter,866,3432,4298
store,1640,3534,5174
twice,1331,2702,4033
ilona,1026,3922,4948
quote,1361,2505,3866
cliff,939,1718,2657
dough,1038,1900,2938
chair,1277,3224,4501
santo,1462,3422,4884
heart,1394,3874,5268
liken,1067,3258,4325
jazzy,1033,1060,2093
nubia,844,3263,4107
betel,1372,2209,3581
supra,1187,3185,4372
blank,1283,2501,3784
angle,1183,3735,4918
bebop,985,2217,3202
lunch,992,2451,3443
pussy,1233,1257,2490
daffy,1180,1518,2698
paulo,1189,3076,4265
rondo,924,2386,3310
novae,1357,3403,4760
threw,1045,3057,4102
baldy,1505,2246,3751
truss,1071,2334,3405
snack,1273,2708,3981
mabel,1337,3215,4552
bring,1185,2391,3576
razor,997,2470,3467
lemur,887,3543,4430
gnash,1028,2964,3992
guard,1149,2788,3937
bribe,1522,2276,3798
foote,1619,1851,3470
mckay,965,2346,3311
peaky,1490,2628,4118
wacke,1327,2617,3944
runny,1267,1793,3060
prick,1181,2129,3310
crisp,1194,2707,3901
effie,984,1588,2572
onion,927,1733,2660
tapir,1181,3482,4663
norma,1008,3648,4656
setup,1161,3037,4198
doubt,1088,2198,3286
viola,997,3325,4322
whole,1337,2673,4010
logic,942,2807,3749
lying,789,2795,3584
timid,923,1769,2692
osaka,738,2757,3495
muddy,1095,1009,2104
ratio,1123,4046,5169
beget,1403,1673,3076
singe,1611,2800,4411
aisle,1371,4124,5495
beman,1244,3225,4469
conch,1264,1626,2890
lagos,1077,3420,4497
talus,1141,3483,4624
copra,1147,3307,4454
speed,1245,1979,3224
shove,1548,2403,3951
class,1282,2497,3779
quito,919,2426,3345
horny,1483,2440,3923
karma,1101,2085,3186
cinch,1138,1715,2853
tacit,1309,2464,3773
swish,1202,1325,2527
cacti,1093,2680,3773
crude,1475,2720,4195
touch,1167,2370,3537
musty,1210,2145,3355
strum,1006,2839,3845
tawny,1395,2476,3871
limbo,644,2937,3581
venus,902,2999,3901
mccoy,961,1615,2576
adapt,994,2181,3175
blaze,1513,2663,4176
spent,1280,3132,4412
chevy,1189,2138,3327
mound,1136,2144,3280
aleph,960,3710,4670
spicy,1485,1926,3411
hetty,1298,2088,3386
bland,1272,2713,3985
diego,876,3274,4150
plume,1325,2472,3797
ankle,1102,3710,4812
troff,893,2220,3113
paste,1585,3406,4991
chloe,1425,2974,4399
worth,1166,2452,3618
wyman,770,2680,3450
indus,515,3164,3679
sudan,1338,2828,4166
civil,1068,1535,2603
anita,1021,2950,3971
turin,1247,3000,4247
shady,1568,2285,3853
leper,1132,2695,3827
olson,888,2639,3527
verge,1390,1683,3073
octal,730,3976,4706
karen,1468,3517,4985
thong,932,2595,3527
valet,1422,3340,4762
datum,984,2794,3778
anger,973,4118,5091
gravy,1376,2242,3618
mater,1387,3801,5188
mouse,1561,2722,4283
fiske,1190,2543,3733
shown,1203,2174,3377
handy,1365,2425,3790
blurt,1243,2580,3823
awful,612,2742,3354
brisk,1245,2288,3533
seedy,1606,1761,3367
cocoa,1133,1816,2949
sperm,1039,3208,4247
moses,1221,2463,3684
tease,1729,2826,4555
doyle,1366,2963,4329
rocky,1116,2374,3490
shirk,1301,2354,3655
crate,1770,3593,5363
abort,1049,3613,4662
femur,899,2876,3775
bowie,1524,2373,3897
dakar,1111,2121,3232
again,1141,2360,3501
endow,536,3357,3893
hyper,794,3236,4030
brown,1166,2282,3448
spine,1644,2812,4456
testy,1325,2417,3742
spout,1210,2504,3714
poole,1657,2043,3700
engle,1079,2447,3526
terse,1621,2611,4232
quirt,1127,2345,3472
pauli,1127,3101,4228
visor,823,3156,3979
tinge,1347,3049,4396
sonic,1364,2787,4151
abhor,633,3688,4321
solar,1494,3681,5175
ferry,1479,1836,3315
arena,1203,3497,4700
molar,1225,3514,4739
deter,1244,2598,3842
donna,1188,2445,3633
super,1334,3072,4406
doris,1247,3031,4278
diode,1397,2362,3759
quart,1200,2759,3959
stung,1024,2516,3540
chide,1442,2510,3952
murky,1252,1720,2972
obese,1091,2551,3642
since,1712,2923,4635
misty,1222,2439,3661
bryan,1158,3093,4251
delia,1172,3933,5105
buret,1475,2878,4353
auger,1135,3742,4877
parry,1650,1826,3476
dress,1079,2778,3857
throb,860,2930,3790
amman,877,1768,2645
money,1617,2583,4200
gouge,1429,1929,3358
colic,1178,2180,3358
vault,1233,2702,3935
delay,1445,3334,4779
borne,1756,2892,4648
stout,1244,2034,3278
shone,1732,2845,4577
biota,1213,3285,4498
vichy,907,1899,2806
clyde,1253,2749,4002
cindy,1305,2093,3398
radar,1145,1802,2947
nylon,774,2456,3230
helix,970,2842,3812
lodge,1318,2823,4141
getty,1337,1920,3257
worse,1565,2974,4539
chalk,1161,2547,3708
emile,1245,2422,3667
carey,1872,3209,5081
crypt,1002,2558,3560
annex,929,2767,3696
satin,1618,3229,4847
manor,1259,3397,4656
leona,1221,4248,5469
cease,1815,2494,4309
booth,1335,1386,2721
graff,959,2134,3093
blood,1133,1589,2722
texan,1099,3458,4557
retch,1021,3470,4491
fuzzy,905,578,1483
coset,1455,3265,4720
stack,1272,2757,4029
lopez,995,2769,3764
hitch,929,1972,2901
deere,1565,1416,2981
ghoul,937,2411,3348
tappa,992,1697,2689
valid,1129,2737,3866
exxon,607,2639,3246
ledge,1290,1909,3199
guess,1006,2286,3292
bluet,1394,2786,4180
anode,1283,3776,5059
kidde,1109,1993,3102
drawl,1104,2965,4069
sable,1792,3196,4988
fungi,769,2180,2949
julio,876,2524,3400
motet,1409,2260,3669
rigel,1061,3626,4687
eager,1261,3017,4278
quint,1139,2077,3216
funky,1149,1368,2517
lease,1681,2909,4590
elude,1251,2156,3407
gauzy,1316,1709,3025
stiff,952,1931,2883
maxim,1012,1790,2802
beach,1406,2945,4351
runge,1257,3041,4298
cough,1152,1915,3067
swoop,1057,1423,2480
state,1717,2838,4555
chine,1580,2699,4279
irwin,928,2085,3013
truth,1097,1952,3049
scour,1083,3018,4101
clank,1293,2708,4001
write,1527,2960,4487
spunk,1081,1928,3009
snore,1641,3485,5126
blast,1415,3008,4423
steer,1339,2893,4232
froth,1153,2480,3633
scoff,879,1795,2674
verve,1341,1341,2682
tonal,1262,3642,4904
adult,929,3305,4234
isaac,786,3002,3788
shrub,1038,2424,3462
pampa,1027,1241,2268
margo,1164,3070,4234
mushy,1050,1964,3014
radon,1160,3542,4702
urine,1485,3327,4812
split,1267,2707,3974
stagy,1491,2608,4099
nymph,445,2343,2788
crony,1580,2438,4018
flock,1038,1941,2979
snick,1200,2294,3494
mynah,891,2853,3744
drama,1147,2240,3387
dolly,1400,1503,2903
berry,1591,1881,3472
shish,1331,970,2301
genii,1037,2498,3535
suite,1807,2860,4667
moore,1672,2205,3877
taboo,1067,2526,3593
drive,1433,2640,4073
ozone,1162,2083,3245
crown,1176,2489,3665
torso,1181,2567,3748
joule,1412,2509,3921
aaron,1449,2767,4216
drupe,1326,2690,4016
sinew,1332,2914,4246
plank,1222,2600,3822
zaire,1618,3238,4856
knick,808,1810,2618
agony,1212,2905,4117
mezzo,703,2169,2872
phyla,796,3027,3823
meier,1425,2415,3840
ought,751,2562,3313
dairy,1642,2789,4431
apply,990,2313,3303
quasi,933,2877,3810
itchy,724,2756,3480
sauce,1919,2989,4908
gaudy,1393,2054,3447
elide,1369,2344,3713
vance,1539,2894,4433
fever,1139,1784,2923
penis,1190,3266,4456
juice,1405,2198,3603
brant,1512,3021,4533
boise,1760,2787,4547
merle,1600,2231,3831
tokyo,728,1939,2667
papua,1054,1373,2427
feces,1129,2029,3158
bless,1117,2479,3596
began,1257,3163,4420
grown,1057,2384,3441
terre,1640,1716,3356
priam,1175,3067,4242
pound,1156,2120,3276
swami,1021,2818,3839
psych,661,2365,3026
oases,1185,3451,4636
hater,1320,3948,5268
knelt,876,3405,4281
sleek,1455,2028,3483
emacs,906,3843,4749
tenor,1144,3967,5111
ample,1099,3491,4590
dogma,927,2724,3651
large,1589,3585,5174
prize,1445,2455,3900
boric,1248,2681,3929
guild,1041,2236,3277
punch,1055,1928,2983
alone,1585,3884,5469
fermi,935,3146,4081
meaty,1596,3102,4698
sworn,1276,2650,3926
blatz,1133,2478,3611
stage,1616,3330,4946
hayes,1175,3618,4793
santa,1538,2404,3942
puree,1696,1834,3530
shoji,966,2335,3301
shaft,1362,2528,3890
porto,1193,2115,3308
coors,1338,2164,3502
giddy,1079,1282,2361
cairn,1566,3228,4794
crowd,1035,2303,3338
heave,1504,2021,3525
vacuo,850,2885,3735
geese,1541,1152,2693
trace,1684,3679,5363
rally,1442,2494,3936
graze,1470,2872,4342
barre,1836,2449,4285
align,1161,3236,4397
screw,1182,3030,4212
rouse,1488,3424,4912
jacky,1148,1781,2929
salon,1601,3318,4919
mardi,1099,3193,4292
short,1438,2830,4268
papaw,1045,1009,2054
potts,1113,2002,3115
berea,1475,2810,4285
forge,1509,2560,4069
juicy,1280,1476,2756
hanoi,1058,3514,4572
craig,1288,3084,4372
crack,1325,2036,3361
pansy,1559,2537,4096
ivory,1033,2649,3682
snail,1400,3482,4882
brass,1338,2397,3735
fuchs,686,2165,2851
maple,1505,3085,4590
podia,1144,3017,4161
byron,1059,2742,3801
riven,1080,3320,4400
level,1151,1358,2509
plant,1385,3013,4398
slain,1621,3261,4882
brace,1760,3140,4900
oaken,1200,3658,4858
pause,1673,3056,4729
wuhan,904,2646,3550
heavy,1379,2725,4104
glove,1336,2506,3842
cheap,1018,3371,4389
saute,1919,3235,5154
croak,1286,3017,4303
darpa,1179,2204,3383
magna,1193,1843,3036
linda,904,3588,4492
awoke,1211,3060,4271
ethyl,449,3833,4282
focal,1097,2989,4086
legal,1076,3029,4105
album,742,2983,3725
fudge,1192,1951,3143
vitae,1330,3441,4771
beebe,1482,342,1824
shako,1203,2812,4015
tippy,1041,1740,2781
mecca,1020,2853,3873
adler,1004,4265,5269
addis,757,2902,3659
shari,1289,3473,4762
molly,1423,1434,2857
ingot,741,3171,3912
gases,1285,2800,4085
prove,1450,2610,4060
gamin,1249,2692,3941
thump,719,2137,2856
rebel,1144,2645,3789
gaffe,1300,2150,3450
brink,1276,2194,3470
brash,1367,2888,4255
clone,1639,3053,4692
adele,1247,2953,4200
known,732,1534,2266
great,1274,3865,5139
scram,1111,3281,4392
decca,997,2922,3919
hutch,917,1678,2595
bosom,1037,1619,2656
camel,1430,3339,4769
shave,1647,2754,4401
dubhe,1123,2306,3429
bruit,1341,2491,3832
verde,1387,1781,3168
situs,1144,2097,3241
chomp,897,2056,2953
cooke,1615,1653,3268
mixup,653,1792,2445
leave,1528,2373,3901
drawn,1161,2825,3986
whelk,836,2517,3353
julie,1344,2540,3884
crepe,1476,2070,3546
walsh,1181,2729,3910
brett,1323,2431,3754
dunce,1408,2531,3939
ovate,1237,3571,4808
afire,1343,3690,5033
elope,1308,2392,3700
freak,1108,3305,4413
putty,1275,1200,2475
croon,1350,2089,3439
steve,1412,1938,3350
frost,1270,2719,3989
gawky,1202,1671,2873
greet,1387,2360,3747
often,856,3427,4283
beret,1585,2169,3754
nodal,1026,3503,4529
stoat,1396,2675,4071
pupil,990,1846,2836
scowl,1019,2536,3555
skein,1216,3089,4305
rooky,1326,1549,2875
whorl,1000,2653,3653
troll,1200,2568,3768
equip,646,2758,3404
yield,835,3457,4292
bella,1209,2903,4112
moran,1386,3270,4656
usury,935,2188,3123
natty,1361,2284,3645
talky,1407,2606,4013
hertz,985,2955,3940
cyrus,873,2865,3738
shear,1306,3977,5283
furry,1369,1119,2488
abode,1205,3439,4644
jason,1111,2970,4081
iraqi,815,2589,3404
cairo,1413,3510,4923
sulfa,1147,2857,4004
agnes,970,3928,4898
infer,736,3718,4454
hardy,1437,2609,4046
prong,1098,2553,3651
haney,1642,3088,4730
begun,1105,2522,3627
kumar,849,2936,3785
slake,1756,3119,4875
junta,906,2817,3723
sepoy,1536,2723,4259
drown,1062,2474,3536
bloom,1078,1598,2676
haley,1634,3179,4813
parka,1235,1947,3182
phage,1447,2718,4165
sleet,1618,2441,4059
pablo,1075,2989,4064
rever,1097,1585,2682
carlo,1343,3571,4914
facto,1033,3018,4051
taiga,1280,2269,3549
cohen,1325,2991,4316
demon,1074,3033,4107
chuff,736,1239,1975
jewel,1029,1577,2606
ababa,851,939,1790
julia,952,2898,3850
dodge,1338,1907,3245
boson,1233,1796,3029
jonas,1071,3010,4081
petty,1385,1917,3302
botch,1203,2133,3336
carob,1259,3157,4416
marco,1265,3193,4458
sniff,953,1882,2835
fluff,699,1037,1736
along,1049,3385,4434
colon,1331,1935,3266
beryl,1135,3233,4368
saint,1789,3058,4847
tutor,983,2488,3471
wince,1364,2621,3985
clock,1160,1578,2738
trick,1166,2569,3735
cadet,1536,3244,4780
grove,1402,2613,4015
snoop,1107,1960,3067
blair,1352,3308,4660
greta,1104,4035,5139
glint,1264,2602,3866
thing,958,2532,3490
pinto,995,2962,3957
flyer,1012,3199,4211
goose,1625,2010,3635
horse,1577,3256,4833
abide,1231,3376,4607
deity,1500,2757,4257
crawl,1218,2980,4198
piece,1488,1894,3382
weigh,1072,2396,3468
erupt,1000,3391,4391
tyson,815,3256,4071
clove,1455,2611,4066
bowen,1328,2477,3805
acrid,928,3539,4467
exalt,1005,3635,4640
stove,1468,2824,4292
pratt,1417,2341,3758
forty,1485,2207,3692
tuple,1280,2938,4218
stork,1195,2838,4033
basin,1385,2999,4384
knurl,785,2877,3662
glans,1194,3174,4368
table,1528,3445,4973
durer,1257,2323,3580
tudor,927,3030,3957
hobbs,787,1949,2736
cupid,977,2064,3041
stomp,995,2560,3555
burnt,1336,2404,3740
edict,956,3337,4293
kathy,1202,2435,3637
giles,1155,3339,4494
knapp,681,2245,2926
prima,1117,3125,4242
peony,1551,2645,4196
tense,1549,2427,3976
croix,1175,2421,3596
daley,1678,3101,4779
prado,1127,3198,4325
harry,1563,1997,3560
skimp,936,2006,2942
wishy,983,2123,3106
badge,1534,2559,4093
jelly,1262,1697,2959
hyman,782,2962,3744
natal,1174,2788,3962
medal,1122,3518,4640
meson,1124,3373,4497
douce,1535,2533,4068
orate,1551,4139,5690
huron,1115,2828,3943
peale,1728,2422,4150
beset,1417,2144,3561
curie,1648,2966,4614
stalk,1259,3051,4310
merry,1510,2004,3514
inept,743,3698,4441
loyal,1047,2762,3809
april,1025,3673,4698
silly,1566,1690,3256
carve,1674,3015,4689
basso,1181,2427,3608
gavel,1286,3006,4292
darry,1607,1919,3526
creep,1282,2264,3546
impel,746,3357,4103
wield,920,3019,3939
sigma,1093,2911,4004
croft,1236,2492,3728
wolfe,1329,2402,3731
kafka,840,1078,1918
kirby,1102,2134,3236
rhode,1252,3191,4443
grimm,950,1855,2805
papal,1226,1498,2724
sioux,1151,2236,3387
xylem,705,2701,3406
prose,1603,3146,4749
rater,1314,3434,4748
pious,1027,2731,3758
galen,1483,3435,4918
allow,903,2553,3456
azure,1223,3327,4550
dowry,1263,2039,3302
tibet,1214,2376,3590
auric,1066,3514,4580
emcee,1195,1286,2481
lanka,1100,2286,3386
regal,1046,4128,5174
lloyd,828,2075,2903
tizzy,953,1456,2409
brush,1176,2286,3462
orion,1157,2572,3729
forum,1007,2284,3291
inure,1150,3662,4812
grebe,1331,1953,3284
pecan,1177,3505,4682
panel,1482,3481,4963
forte,1610,2929,4539
rinse,1373,3716,5089
would,1010,2139,3149
jimmy,945,1037,1982
pedro,1008,3351,4359
lofty,1221,2298,3519
leggy,1162,2130,3292
bumpy,1125,1327,2452
fecal,1069,3501,4570
allan,1207,1894,3101
cadre,1667,3321,4988
eddie,1078,1739,2817
foley,1578,2506,4084
locke,1271,2893,4164
avert,987,3948,4935
accra,759,2317,3076
route,1485,3412,4897
snell,1178,2833,4011
steen,1420,2556,3976
towel,1195,3156,4351
bigot,1126,2371,3497
abuse,1220,3471,4691
dozen,1215,2516,3731
colby,1362,2068,3430
viper,955,3068,4023
befog,900,2498,3398
youth,998,2503,3501
islam,615,3894,4509
sheet,1533,2150,3683
dusky,1061,1764,2825
thorn,1141,3064,4205
toxic,908,2480,3388
roger,1163,2665,3828
stacy,1592,2731,4323
quinn,1106,1249,2355
scops,1007,1862,2869
stony,1527,2544,4071
chert,1204,3287,4491
stave,1567,3175,4742
slave,1732,3045,4777
rural,1118,2838,3956
surah,1436,3020,4456
leach,1282,3567,4849
ditty,1244,1587,2831
comma,1028,2361,3389
belly,1476,1823,3299
aztec,806,3552,4358
eclat,924,4266,5190
polis,1210,2845,4055
flash,1189,2736,3925
multi,893,2808,3701
tepid,1001,3113,4114
octet,933,2911,3844
porte,1661,3073,4734
fitch,965,2177,3142
mourn,1265,2598,3863
mulch,1027,2043,3070
larva,1148,2396,3544
eight,824,3279,4103
lunge,1287,2838,4125
frail,1330,3173,4503
grate,1651,3488,5139
rabin,1202,3375,4577
coach,1444,2025,3469
ileum,725,3541,4266
begin,1251,2682,3933
exult,814,3033,3847
elite,1473,2615,4088
mizar,918,2952,3870
ruben,1091,3214,4305
think,1049,2335,3384
labia,1155,2436,3591
runty,1233,2688,3921
tecum,814,3127,3941
shiny,1633,2060,3693
gecko,790,2869,3659
mitre,1414,3287,4701
knead,775,3627,4402
toady,1525,2735,4260
allyn,960,2720,3680
grace,1651,3242,4893
elver,995,2583,3578
tempo,816,3289,4105
brice,1687,2726,4413
latus,1050,3574,4624
lares,1438,4221,5659
gator,1180,3475,4655
gourd,1096,2391,3487
blown,1100,2175,3275
pappy,1274,1133,2407
pooch,1274,1239,2513
cowry,1377,2054,3431
sheen,1500,2135,3635
penny,1470,1784,3254
piotr,1148,3065,4213
flown,988,2130,3118
annum,703,2541,3244
latch,1171,3113,4284
slice,1809,2909,4718
tansy,1544,2977,4521
blond,1173,2362,3535
tripe,1472,3225,4697
queen,1163,1713,2876
gauze,1441,2431,3872
crimp,1074,2391,3465
begat,1290,3178,4468
pedal,1142,3494,4636
bezel,1234,1550,2784
thrum,822,2667,3489
totem,1185,2484,3669
count,1401,2429,3830
bravo,1142,2846,3988
squad,1038,2353,3391
caleb,1358,3369,4727
pupal,996,2327,3323
brine,1721,2890,4611
teddy,1210,2142,3352
vicar,856,3312,4168
scrub,911,2646,3557
ahead,1014,2810,3824
grass,1229,2499,3728
queue,1213,850,2063
lotte,1475,2650,4125
quaff,768,1502,2270
spray,1510,2842,4352
vocal,1006,3026,4032
inman,761,2789,3550
amiss,940,2673,3613
dingy,1194,1980,3174
wharf,932,2516,3448
bacon,1292,2868,4160
clang,1202,2905,4107
jeres,1228,2201,3429
strip,1157,2990,4147
opium,610,2712,3322
arlen,1386,4210,5596
lenny,1407,2307,3714
spear,1192,4007,5199
slunk,1280,2189,3469
skate,1632,3208,4840
tough,1066,2247,3313
emily,1120,3126,4246
cubic,923,1594,2517
fluke,1265,2182,3447
adopt,895,3222,4117
hagen,1342,3200,4542
facet,1392,3143,4535
happy,1187,1740,2927
yalta,1097,2631,3728
algal,1048,1631,2679
bayou,1005,2905,3910
those,1437,3188,4625
mylar,883,3493,4376
pusan,1100,3016,4116
vague,1337,2658,3995
anvil,840,3353,4193
mavis,1142,2658,3800
silty,1579,2538,4117
lucas,894,3484,4378
lathe,1407,3688,5095
husky,1017,1842,2859
abram,849,2450,3299
brunt,1321,2419,3740
stank,1306,2921,4227
balmy,1492,2213,3705
chewy,1159,2207,3366
diary,1497,2934,4431
weave,1492,1739,3231
story,1515,2812,4327
hogan,1137,2921,4058
chest,1185,3113,4298
kline,1451,2874,4325
batik,1300,2541,3841
tarry,1635,2266,3901
mural,1191,3205,4396
argot,1138,3517,4655
withy,1028,2063,3091
paddy,1345,1548,2893
cowan,1225,2763,3988
sweet,1404,1985,3389
brute,1569,2784,4353
syria,1230,3591,4821
aires,1300,4368,5668
kinky,1069,1513,2582
probe,1435,2836,4271
sugar,1254,3073,4327
beard,1368,3403,4771
cilia,1188,2620,3808
trill,1226,2505,3731
osier,960,4258,5218
smoke,1442,2527,3969
luger,1055,3326,4381
flaky,1331,2062,3393
dixie,1282,1600,2882
loris,1227,3461,4688
utile,1207,3480,4687
blanc,1200,2914,4114
sieve,1587,1807,3394
alamo,1065,2605,3670
gutsy,1230,2076,3306
jukes,855,2389,3244
clamp,1081,2698,3779
world,1093,2526,3619
faust,1340,2629,3969
spike,1484,2444,3928
maori,1234,3514,4748
nomad,926,3147,4073
mirth,1119,2676,3795
horus,1057,2949,4006
parke,1627,2981,4608
salty,1797,2807,4604
grunt,1212,2521,3733
buena,1179,3449,4628
james,1153,3039,4192
bride,1583,2701,4284
alive,1427,3379,4806
pushy,1070,1940,3010
judge,1090,1870,2960
boost,1452,1625,3077
damon,1194,2879,4073
edwin,690,3166,3856
marsh,1340,2957,4297
bulge,1403,2307,3710
hough,994,1458,2452
solid,1428,2677,4105
vinci,791,1729,2520
ketch,971,2736,3707
elate,1546,3029,4575
peppy,1154,1287,2441
abner,1005,4093,5098
wylie,1194,2838,4032
carry,1721,1934,3655
reedy,1264,2296,3560
dummy,1043,1061,2104
roach,1280,3258,4538
privy,1351,1825,3176
irony,1359,2949,4308
levee,1523,986,2509
jerry,1377,1755,3132
swung,975,1930,2905
lobar,1065,3632,4697
yacht,926,3041,3967
cabin,1366,2757,4123
timex,948,2749,3697
lemma,866,3288,4154
ghost,1122,2468,3590
boone,1765,1814,3579
vinyl,762,2618,3380
spite,1610,2894,4504
korea,1299,3815,5114
tenth,1150,2470,3620
royce,1329,3302,4631
paris,1382,3296,4678
bloke,1469,2478,3947
alcoa,943,2902,3845
cozen,1329,2531,3860
padre,1596,3213,4809
pepsi,891,2752,3643
grant,1403,3123,4526
gloss,1064,2041,3105
orono,1018,1806,2824
byrne,1414,2871,4285
shine,1758,2782,4540
koala,1221,2294,3515
prowl,1048,2521,3569
helga,973,3652,4625
artie,1539,4114,5653
grata,1259,2454,3713
henry,1371,3036,4407
steel,1363,2696,4059
weiss,1147,2286,3433
brook,1210,1484,2694
cycle,1176,2340,3516
globe,1321,2732,4053
tress,1107,3125,4232
close,1608,3147,4755
scrap,1116,3272,4388
frank,1237,2563,3800
volta,1047,3231,4278
cotta,1217,2593,3810
boast,1551,2918,4469
blame,1577,2975,4552
monel,1370,3147,4517
axiom,814,2930,3744
hence,1474,1900,3374
carte,1824,3539,5363
dally,1492,1861,3353
hurry,1333,1434,2767
pupae,1368,2485,3853
smirk,1171,2404,3575
trail,1366,3757,5123
white,1376,2562,3938
algae,1420,2685,4105
filet,1295,3034,4329
metal,1178,3837,5015
right,818,2928,3746
goody,1393,1005,2398
awash,1043,1971,3014
peach,1345,3044,4389
skunk,1030,1543,2573
clink,1220,2294,3514
peste,1465,2134,3599
bushy,1131,1841,2972
hippy,969,1471,2440
fiend,1015,2856,3871
devil,1052,2848,3900
train,1423,3617,5040
laity,1600,3033,4633
lobby,1111,1704,2815
swore,1591,2948,4539
river,999,2588,3587
rabid,1061,3189,4250
crass,1348,2604,3952
zilch,867,2133,3000
wayne,1449,2987,4436
groom,1035,1807,2842
mamma,1029,803,1832
fritz,1014,2126,3140
acton,886,3737,4623
berra,1324,2961,4285
dandy,1409,1861,3270
petal,1198,3813,5011
style,1357,3281,4638
neath,1201,3811,5012
audit,1133,3110,4243
brief,1321,2718,4039
chill,1161,1775,2936
heath,1258,2941,4199
junco,830,2197,3027
exact,1018,3341,4359
pabst,1277,2686,3963
cross,1249,2253,3502
holly,1356,1581,2937
issue,886,2920,3806
leeds,994,2690,3684
congo,1091,1670,2761
gulch,999,2022,3021
fetch,1063,2600,3663
taper,1300,3884,5184
ellen,1216,1919,3135
paint,1540,2867,4407
muggy,1095,914,2009
swath,1272,2603,3875
agway,977,1611,2588
baird,1415,2835,4250
lucia,921,3486,4407
smart,1407,3231,4638
sight,1160,2393,3553
tasty,1445,2263,3708
frown,1054,2237,3291
final,1100,3147,4247
rival,910,3539,4449
lyman,806,3314,4120
meiji,916,1913,2829
hunch,968,1579,2547
owens,725,3558,4283
scary,1567,2964,4531
linen,1258,2782,4040
kenya,839,3656,4495
ruddy,1022,1711,2733
lynch,788,2635,3423
vetch,972,2637,3609
ethic,534,3793,4327
verna,1133,3754,4887
harem,1328,3519,4847
chunk,1017,1815,2832
float,1261,3071,4332
hello,985,2799,3784
every,1040,2221,3261
adair,1073,2779,3852
sixty,1395,1891,3286
dirac,1024,3443,4467
arden,1287,3899,5186
gonad,1145,2879,4024
chart,1359,3098,4457
bract,1478,2857,4335
circa,1214,2767,3981
slimy,1567,2129,3696
lucre,1281,3324,4605
sonny,1747,1463,3210
burke,1458,2319,3777
ebony,1114,3044,4158
broom,1144,1705,2849
inlet,1022,3879,4901
delta,1118,3943,5061
prude,1404,2612,4016
erwin,991,3448,4439
chink,1135,2003,3138
optic,581,3178,3759
gripe,1439,2788,4227
junky,1047,1287,2334
steam,1111,3884,4995
lykes,741,3321,4062
umber,715,3217,3932
